ARCHIVAL SNAPSHOT — NOT AN EXECUTABLE REPAIR RECIPE.
Paths, selectors and historical hashes were redacted.
Source within this thread: work/boot_header_repair/synthetic/block22/block_manifest.h
Role: case_specific_payload_source_not_complete_standalone_firmware
Original repair session must not be resumed from this public copy.

#define TARGET_BLOCK 22u
#define TARGET_SECTOR 0x16000u
#define SOURCE_CRC 0x1961c3dfu
#define OLD_MAIN_CRC 0x89e5f680u
#define AUX_CRC 0xd3cb1c80u
#define AUX_TEMPLATES 17u
static const unsigned char aux_page_index[256]={0,1,1,1,1,1,1,1,1,1,1,1,1,1,1,1,2,2,2,2,2,2,2,2,2,2,2,2,2,2,2,2,3,3,3,3,3,3,3,3,3,3,3,3,3,3,3,3,4,4,4,4,4,4,4,4,4,4,4,4,4,4,4,4,5,5,5,5,5,5,5,5,5,5,5,5,5,5,5,5,6,6,6,6,6,6,6,6,6,6,6,6,6,6,6,6,7,7,7,7,7,7,7,7,7,7,7,7,7,7,7,7,8,8,8,8,8,8,8,8,8,8,8,8,8,8,8,8,9,9,9,9,9,9,9,9,9,9,9,9,9,9,9,9,10,10,10,10,10,10,10,10,10,10,10,10,10,10,10,10,11,11,11,11,11,11,11,11,11,11,11,11,11,11,11,11,12,12,12,12,12,12,12,12,12,12,12,12,12,12,12,12,13,13,13,13,13,13,13,13,13,13,13,13,13,13,13,13,14,14,14,14,14,14,14,14,14,14,14,14,14,14,14,14,15,15,15,15,15,15,15,15,15,15,15,15,15,15,15,15,16,16,16,16,16,16,16,16,16,16,16,16,16,16,16,16};
static const unsigned short aux_templates[AUX_TEMPLATES*16]={61952,0,6,65535,22,65535,65535,4,65404,43204,1,43036,15984,0,19,0,61952,0,6,65535,22,65535,65535,1,65404,43204,1,43036,15984,0,19,0,61952,0,6,65535,65535,65535,65535,1,65404,43228,1,43036,15984,0,19,0,61952,0,6,65535,65535,65535,65535,1,65404,43252,1,43036,15984,0,19,0,61952,0,6,65535,65535,65535,65535,1,65404,43276,1,43036,15984,0,19,0,61952,0,6,65535,65535,65535,65535,1,65404,43300,1,43036,15984,0,19,0,61952,0,6,65535,65535,65535,65535,1,65404,43324,1,43036,15984,0,19,0,61952,0,6,65535,65535,65535,65535,1,65404,43348,1,43036,15984,0,19,0,61952,0,6,65535,65535,65535,65535,1,65404,43372,1,43036,15984,0,19,0,61952,0,6,65535,65535,65535,65535,1,65404,43396,1,43036,15984,0,19,0,61952,0,6,65535,65535,65535,65535,1,65404,43420,1,43036,15984,0,19,0,61952,0,6,65535,65535,65535,65535,1,65404,43444,1,43036,15984,0,19,0,61952,0,6,65535,65535,65535,65535,1,65404,43468,1,43036,15984,0,19,0,61952,0,6,65535,65535,65535,65535,1,65404,43492,1,43036,15984,0,19,0,61952,0,6,65535,65535,65535,65535,1,65404,43516,1,43036,15984,0,19,0,61952,0,6,65535,65535,65535,65535,1,65404,43540,1,43036,15984,0,19,0,61952,0,6,65535,65535,65535,65535,1,65404,43564,1,43036,15984,0,19,0};
